1 125
1 158
1 161
1 197
2 170
3 144
3 151
3 153
4 115
4 181
4 198
5 177
5 187
5 191
5 194
6 166
6 187
6 200
7 116
7 128
8 126
9 103
9 166
9 168
9 170
10 109
10 185
11 105
11 133
12 107
12 144
13 191
13 194
14 118
14 170
15 122
15 124
15 132
15 136
15 143
16 135
17 126
17 167
17 187
17 198
19 109
19 135
19 145
19 149
19 151
19 163
19 185
20 125
20 164
21 105
21 126
22 111
22 118
22 133
22 138
22 184
22 188
23 113
23 192
24 101
24 125
24 147
25 136
25 149
25 159
25 187
26 133
26 147
26 152
26 178
27 174
28 102
28 104
28 117
28 132
28 141
28 178
28 186
28 193
29 118
29 151
30 111
30 170
31 162
32 113
32 136
32 146
32 157
33 147
33 164
34 156
35 102
35 153
36 146
37 175
37 183
37 191
38 108
38 121
38 131
38 174
38 177
38 197
39 145
39 159
40 103
40 120
40 171
40 186
41 144
41 151
41 167
42 121
43 147
44 113
44 117
44 178
45 103
45 131
45 158
46 110
46 159
47 114
47 140
47 187
48 123
48 128
49 108
49 114
49 123
50 113
50 124
50 130
50 148
50 158
50 193
51 188
52 118
52 120
52 130
52 150
52 169
52 171
53 103
53 132
53 147
53 175
53 193
54 117
54 126
54 136
55 128
55 137
55 194
56 119
56 172
57 150
57 158
57 174
57 181
57 195
58 141
58 179
58 189
59 147
59 156
60 108
60 129
61 134
61 153
61 183
62 133
62 158
63 162
64 106
64 178
64 179
64 180
65 127
65 142
65 144
65 158
66 117
66 134
66 152
66 172
66 184
67 140
67 160
67 173
68 124
68 128
68 165
69 182
69 193
69 195
70 103
70 120
70 169
70 195
71 117
72 113
72 117
72 146
73 123
73 154
73 169
73 199
74 137
74 149
75 132
75 135
75 194
76 135
76 147
77 107
77 173
78 142
78 192
79 103
79 123
79 148
80 125
80 135
80 137
80 172
81 129
81 133
81 146
81 168
81 195
82 103
82 143
82 179
82 188
83 157
84 122
84 151
84 171
84 173
84 192
85 103
85 196
87 104
87 133
87 187
89 115
90 158
90 167
90 198
91 157
91 172
91 183
92 119
92 134
92 137
93 164
93 167
93 178
94 121
94 176
94 184
95 105
95 113
95 145
95 157
95 166
95 175
96 114
96 163
96 177
97 129
97 146
97 149
97 155
97 199
98 105
98 116
98 117
98 179
99 108
99 176
99 190
100 147
100 148
100 193
